{
 "cells": [
  {
   "metadata": {},
   "cell_type": "markdown",
   "source": "# 6.1 Algebra linear",
   "id": "cbc0d537dd47e775"
  },
  {
   "metadata": {
    "ExecuteTime": {
     "end_time": "2026-02-20T18:50:48.178112Z",
     "start_time": "2026-02-20T18:50:48.173576Z"
    }
   },
   "cell_type": "code",
   "source": "import numpy as np",
   "id": "571662c615f3c7c8",
   "outputs": [],
   "execution_count": 98
  },
  {
   "metadata": {},
   "cell_type": "markdown",
   "source": "As operacoes de algebra linear com a multiplicacao de matrizes,  decomposicao,  determinante,  e outras operacoes matematicas em matrizes quadradas,  sao uma parte importante de muitas biblioptecas de arrays.  A multiplicacao de dois arrays bidimencionais `*` corresponde ao produto de todos os elementos, enquanto as multiplicacoe de matrizes requerem o uso de uma funcao.  logo existe uma funcao `dor` que e tanto um metodo de array quanto uma funcao do namespace `numoy` para a multiplicacao de matiz",
   "id": "3bf1873cc775cba4"
  },
  {
   "metadata": {
    "ExecuteTime": {
     "end_time": "2026-02-20T18:56:31.135184Z",
     "start_time": "2026-02-20T18:56:31.132150Z"
    }
   },
   "cell_type": "code",
   "source": "x = np.array([[1., 2., 3.], [4., 5., 6.]])",
   "id": "17b033b7d8443bd1",
   "outputs": [],
   "execution_count": 99
  },
  {
   "metadata": {
    "ExecuteTime": {
     "end_time": "2026-02-20T18:57:10.024621Z",
     "start_time": "2026-02-20T18:57:10.022267Z"
    }
   },
   "cell_type": "code",
   "source": "y = np.array([[6., 23.], [-1, 7], [8, 9]])",
   "id": "180b723252820d3c",
   "outputs": [],
   "execution_count": 100
  },
  {
   "metadata": {
    "ExecuteTime": {
     "end_time": "2026-02-20T18:57:21.868950Z",
     "start_time": "2026-02-20T18:57:21.866802Z"
    }
   },
   "cell_type": "code",
   "source": "print(x)",
   "id": "a13762343c797624",
   "outputs": [
    {
     "name": "stdout",
     "output_type": "stream",
     "text": [
      "[[1. 2. 3.]\n",
      " [4. 5. 6.]]\n"
     ]
    }
   ],
   "execution_count": 102
  },
  {
   "metadata": {
    "ExecuteTime": {
     "end_time": "2026-02-20T18:57:25.586457Z",
     "start_time": "2026-02-20T18:57:25.584072Z"
    }
   },
   "cell_type": "code",
   "source": "print(y)",
   "id": "d067fe9950f763e5",
   "outputs": [
    {
     "name": "stdout",
     "output_type": "stream",
     "text": [
      "[[ 6. 23.]\n",
      " [-1.  7.]\n",
      " [ 8.  9.]]\n"
     ]
    }
   ],
   "execution_count": 103
  },
  {
   "metadata": {
    "ExecuteTime": {
     "end_time": "2026-02-20T18:57:54.576323Z",
     "start_time": "2026-02-20T18:57:54.572885Z"
    }
   },
   "cell_type": "code",
   "source": "print(x.dot(y))",
   "id": "cf03a8e6f3d5f2e7",
   "outputs": [
    {
     "name": "stdout",
     "output_type": "stream",
     "text": [
      "[[ 28.  64.]\n",
      " [ 67. 181.]]\n"
     ]
    }
   ],
   "execution_count": 106
  },
  {
   "metadata": {},
   "cell_type": "markdown",
   "source": "`x.dot(y)` e equivalente ao `np.dot(x,  y)`",
   "id": "25c6defbc9888203"
  },
  {
   "metadata": {
    "ExecuteTime": {
     "end_time": "2026-02-20T18:59:00.116590Z",
     "start_time": "2026-02-20T18:59:00.112940Z"
    }
   },
   "cell_type": "code",
   "source": "print(np.dot(x,  y))",
   "id": "2c11516ca6a89465",
   "outputs": [
    {
     "name": "stdout",
     "output_type": "stream",
     "text": [
      "[[ 28.  64.]\n",
      " [ 67. 181.]]\n"
     ]
    }
   ],
   "execution_count": 108
  },
  {
   "metadata": {},
   "cell_type": "markdown",
   "source": "Um produto de matrizes entre um array bidimencional e um array undimencional de inverso e detreminante",
   "id": "a0ef413a8a9be637"
  },
  {
   "metadata": {
    "ExecuteTime": {
     "end_time": "2026-02-20T19:00:37.776097Z",
     "start_time": "2026-02-20T19:00:37.774012Z"
    }
   },
   "cell_type": "code",
   "source": "from numpy.linalg import inv,  qr",
   "id": "d872b6743fc28d0c",
   "outputs": [],
   "execution_count": 109
  },
  {
   "metadata": {
    "ExecuteTime": {
     "end_time": "2026-02-20T19:01:05.401817Z",
     "start_time": "2026-02-20T19:01:05.399678Z"
    }
   },
   "cell_type": "code",
   "source": "rng = np.random.default_rng(12345)",
   "id": "fc2d07f5e873c440",
   "outputs": [],
   "execution_count": 110
  },
  {
   "metadata": {
    "ExecuteTime": {
     "end_time": "2026-02-20T19:01:23.553334Z",
     "start_time": "2026-02-20T19:01:23.551401Z"
    }
   },
   "cell_type": "code",
   "source": "X = rng.standard_normal((5, 5))",
   "id": "504cfc8e5295f2c5",
   "outputs": [],
   "execution_count": 111
  },
  {
   "metadata": {
    "ExecuteTime": {
     "end_time": "2026-02-20T19:01:41.789377Z",
     "start_time": "2026-02-20T19:01:41.786293Z"
    }
   },
   "cell_type": "code",
   "source": "mat = X.T @ X",
   "id": "548824a668301162",
   "outputs": [],
   "execution_count": 112
  },
  {
   "metadata": {
    "ExecuteTime": {
     "end_time": "2026-02-20T19:01:53.530119Z",
     "start_time": "2026-02-20T19:01:53.527910Z"
    }
   },
   "cell_type": "code",
   "source": "print(mat)",
   "id": "6f1f375ed7d928df",
   "outputs": [
    {
     "name": "stdout",
     "output_type": "stream",
     "text": [
      "[[ 9.83867527  1.04334204  0.24651754  0.04017965  0.16391486]\n",
      " [ 1.04334204  5.11794735 -3.98521413  0.99264687  3.27464142]\n",
      " [ 0.24651754 -3.98521413  4.15026075 -2.41299778 -2.74788646]\n",
      " [ 0.04017965  0.99264687 -2.41299778  3.97263789 -0.04472489]\n",
      " [ 0.16391486  3.27464142 -2.74788646 -0.04472489  6.01956209]]\n"
     ]
    }
   ],
   "execution_count": 114
  },
  {
   "metadata": {
    "ExecuteTime": {
     "end_time": "2026-02-20T19:02:15.614430Z",
     "start_time": "2026-02-20T19:02:15.612437Z"
    }
   },
   "cell_type": "code",
   "source": "print(inv(mat))",
   "id": "176efa8f13e738aa",
   "outputs": [
    {
     "name": "stdout",
     "output_type": "stream",
     "text": [
      "[[ 0.15548538 -0.36723081 -0.52638547 -0.2300642  -0.04646089]\n",
      " [-0.36723081  2.54917814  3.47827334  1.48196722  0.22206454]\n",
      " [-0.52638547  3.47827334  5.46389554  2.46214396  0.63467543]\n",
      " [-0.2300642   1.48196722  2.46214396  1.38302896  0.33430132]\n",
      " [-0.04646089  0.22206454  0.63467543  0.33430132  0.33879566]]\n"
     ]
    }
   ],
   "execution_count": 116
  },
  {
   "metadata": {
    "ExecuteTime": {
     "end_time": "2026-02-20T19:02:34.322256Z",
     "start_time": "2026-02-20T19:02:34.317672Z"
    }
   },
   "cell_type": "code",
   "source": "print(mat @ inv(mat))",
   "id": "d7abd69eee7056d1",
   "outputs": [
    {
     "name": "stdout",
     "output_type": "stream",
     "text": [
      "[[ 1.00000000e+00 -3.92249709e-16  3.65699364e-16  9.40532661e-18\n",
      "   8.28115661e-18]\n",
      " [ 1.38470967e-16  1.00000000e+00 -5.49091918e-16 -1.44925356e-15\n",
      "  -4.87759366e-16]\n",
      " [ 1.32279373e-16  1.98883646e-15  1.00000000e+00  1.88166841e-15\n",
      "   6.35612717e-17]\n",
      " [ 1.07493178e-16 -9.03385668e-16 -1.21906979e-15  1.00000000e+00\n",
      "  -7.86197612e-17]\n",
      " [ 0.00000000e+00  0.00000000e+00  1.77635684e-15  0.00000000e+00\n",
      "   1.00000000e+00]]\n"
     ]
    }
   ],
   "execution_count": 117
  },
  {
   "metadata": {},
   "cell_type": "markdown",
   "source": "A expressao X.T. dot(X) calcula o produto escalr x com sua transposta X.T",
   "id": "1f5739a1b365780"
  },
  {
   "metadata": {},
   "cell_type": "code",
   "outputs": [],
   "execution_count": null,
   "source": "from numpy.linalg import diag, dot, trace, det, eig, inv, pinv, qr, svd,  solve, lstsq",
   "id": "81d0d5159b8b84ac"
  }
 ],
 "metadata": {
  "kernelspec": {
   "name": "python3",
   "language": "python",
   "display_name": "Python 3 (ipykernel)"
  }
 },
 "nbformat": 4,
 "nbformat_minor": 5
}
