{
 "cells": [
  {
   "metadata": {},
   "cell_type": "markdown",
   "source": "# 6.1 Linear Algebra",
   "id": "5f7a49b14a2ae58e"
  },
  {
   "metadata": {
    "ExecuteTime": {
     "end_time": "2026-02-20T19:08:42.374320Z",
     "start_time": "2026-02-20T19:08:42.369337Z"
    }
   },
   "cell_type": "code",
   "source": "import numpy as np",
   "id": "eb898cc78746207d",
   "outputs": [],
   "execution_count": 11
  },
  {
   "metadata": {},
   "cell_type": "markdown",
   "source": "Linear algebra, like matrix multiplication, decompositions, determinants, and other square matrix math, is an important part of any array library.",
   "id": "5b62918c6f8c11d1"
  },
  {
   "metadata": {},
   "cell_type": "markdown",
   "source": "## 6.1.1 Matrix Multiplication",
   "id": "f6f9bd7ccb1aedd1"
  },
  {
   "metadata": {},
   "cell_type": "markdown",
   "source": "Unlike some other languages, multiplying two 2D arrays with `*` is an element-wise product. Matrix multiplication requires the `dot` function or the `@` operator.",
   "id": "33ee82bc09cb1bd3"
  },
  {
   "metadata": {
    "ExecuteTime": {
     "end_time": "2026-02-20T19:08:42.393677Z",
     "start_time": "2026-02-20T19:08:42.390100Z"
    }
   },
   "cell_type": "code",
   "source": [
    "x = np.array([[1., 2., 3.], [4., 5., 6.]])\n",
    "y = np.array([[6., 23.], [-1, 7], [8, 9]])\n",
    "print(f\"x:\\n{x}\")\n",
    "print(f\"y:\\n{y}\")"
   ],
   "id": "ba77d3ef97ae9946",
   "outputs": [
    {
     "name": "stdout",
     "output_type": "stream",
     "text": [
      "x:\n",
      "[[1. 2. 3.]\n",
      " [4. 5. 6.]]\n",
      "y:\n",
      "[[ 6. 23.]\n",
      " [-1.  7.]\n",
      " [ 8.  9.]]\n"
     ]
    }
   ],
   "execution_count": 12
  },
  {
   "metadata": {},
   "cell_type": "markdown",
   "source": "#### `dot` function",
   "id": "a59b369bd80383d8"
  },
  {
   "metadata": {
    "ExecuteTime": {
     "end_time": "2026-02-20T19:08:42.403851Z",
     "start_time": "2026-02-20T19:08:42.401611Z"
    }
   },
   "cell_type": "code",
   "source": "print(f\"x.dot(y):\\n{x.dot(y)}\")",
   "id": "5ba131e3c9b4748f",
   "outputs": [
    {
     "name": "stdout",
     "output_type": "stream",
     "text": [
      "x.dot(y):\n",
      "[[ 28.  64.]\n",
      " [ 67. 181.]]\n"
     ]
    }
   ],
   "execution_count": 13
  },
  {
   "metadata": {},
   "cell_type": "markdown",
   "source": "`x.dot(y)` is equivalent to `np.dot(x, y)`.",
   "id": "9a8dc0ef3e310e69"
  },
  {
   "metadata": {
    "ExecuteTime": {
     "end_time": "2026-02-20T19:08:42.420377Z",
     "start_time": "2026-02-20T19:08:42.417681Z"
    }
   },
   "cell_type": "code",
   "source": "print(f\"np.dot(x, y):\\n{np.dot(x, y)}\")",
   "id": "a5e9d828c3496bf",
   "outputs": [
    {
     "name": "stdout",
     "output_type": "stream",
     "text": [
      "np.dot(x, y):\n",
      "[[ 28.  64.]\n",
      " [ 67. 181.]]\n"
     ]
    }
   ],
   "execution_count": 14
  },
  {
   "metadata": {},
   "cell_type": "markdown",
   "source": [
    "#### `@` operator\n",
    "The `@` operator is another way to do matrix multiplication."
   ],
   "id": "7d8ab6e0aca146b4"
  },
  {
   "metadata": {
    "ExecuteTime": {
     "end_time": "2026-02-20T19:08:42.428636Z",
     "start_time": "2026-02-20T19:08:42.426439Z"
    }
   },
   "cell_type": "code",
   "source": "print(f\"x @ y:\\n{x @ y}\")",
   "id": "b31d6e433540e533",
   "outputs": [
    {
     "name": "stdout",
     "output_type": "stream",
     "text": [
      "x @ y:\n",
      "[[ 28.  64.]\n",
      " [ 67. 181.]]\n"
     ]
    }
   ],
   "execution_count": 15
  },
  {
   "metadata": {},
   "cell_type": "markdown",
   "source": "## 6.1.2 `numpy.linalg`",
   "id": "12e76e3ebd1a70ea"
  },
  {
   "metadata": {},
   "cell_type": "markdown",
   "source": "The `numpy.linalg` module has a standard set of matrix decompositions and things like inverse and determinant.",
   "id": "4127ce8b15e480c4"
  },
  {
   "metadata": {
    "ExecuteTime": {
     "end_time": "2026-02-20T19:08:42.435333Z",
     "start_time": "2026-02-20T19:08:42.433064Z"
    }
   },
   "cell_type": "code",
   "source": [
    "rng = np.random.default_rng(seed=12345)\n",
    "X = rng.standard_normal((5, 5))\n",
    "mat = X.T @ X"
   ],
   "id": "feeb4e48112a181b",
   "outputs": [],
   "execution_count": 16
  },
  {
   "metadata": {},
   "cell_type": "markdown",
   "source": [
    "#### `inv`\n",
    "Computes the inverse of a square matrix."
   ],
   "id": "3384ade318284e5e"
  },
  {
   "metadata": {
    "ExecuteTime": {
     "end_time": "2026-02-20T19:08:42.442105Z",
     "start_time": "2026-02-20T19:08:42.439961Z"
    }
   },
   "cell_type": "code",
   "source": "print(f\"Inverse of mat:\\n{np.linalg.inv(mat)}\")",
   "id": "457aed54b43704d0",
   "outputs": [
    {
     "name": "stdout",
     "output_type": "stream",
     "text": [
      "Inverse of mat:\n",
      "[[ 0.15548538 -0.36723081 -0.52638547 -0.2300642  -0.04646089]\n",
      " [-0.36723081  2.54917814  3.47827334  1.48196722  0.22206454]\n",
      " [-0.52638547  3.47827334  5.46389554  2.46214396  0.63467543]\n",
      " [-0.2300642   1.48196722  2.46214396  1.38302896  0.33430132]\n",
      " [-0.04646089  0.22206454  0.63467543  0.33430132  0.33879566]]\n"
     ]
    }
   ],
   "execution_count": 17
  },
  {
   "metadata": {},
   "cell_type": "markdown",
   "source": "The product of a matrix and its inverse is the identity matrix.",
   "id": "bc5f998df29f2328"
  },
  {
   "metadata": {
    "ExecuteTime": {
     "end_time": "2026-02-20T19:08:42.448154Z",
     "start_time": "2026-02-20T19:08:42.445540Z"
    }
   },
   "cell_type": "code",
   "source": "print(f\"mat @ np.linalg.inv(mat):\\n{mat @ np.linalg.inv(mat)}\")",
   "id": "ce4a72174213797",
   "outputs": [
    {
     "name": "stdout",
     "output_type": "stream",
     "text": [
      "mat @ np.linalg.inv(mat):\n",
      "[[ 1.00000000e+00 -3.92249709e-16  3.65699364e-16  9.40532661e-18\n",
      "   8.28115661e-18]\n",
      " [ 1.38470967e-16  1.00000000e+00 -5.49091918e-16 -1.44925356e-15\n",
      "  -4.87759366e-16]\n",
      " [ 1.32279373e-16  1.98883646e-15  1.00000000e+00  1.88166841e-15\n",
      "   6.35612717e-17]\n",
      " [ 1.07493178e-16 -9.03385668e-16 -1.21906979e-15  1.00000000e+00\n",
      "  -7.86197612e-17]\n",
      " [ 0.00000000e+00  0.00000000e+00  1.77635684e-15  0.00000000e+00\n",
      "   1.00000000e+00]]\n"
     ]
    }
   ],
   "execution_count": 18
  },
  {
   "metadata": {},
   "cell_type": "markdown",
   "source": [
    "#### `qr`\n",
    "Computes the QR decomposition of a matrix."
   ],
   "id": "2d69e1a48de1217c"
  },
  {
   "metadata": {
    "ExecuteTime": {
     "end_time": "2026-02-20T19:08:42.455958Z",
     "start_time": "2026-02-20T19:08:42.453317Z"
    }
   },
   "cell_type": "code",
   "source": [
    "q, r = np.linalg.qr(mat)\n",
    "print(f\"q:\\n{q}\")\n",
    "print(f\"r:\\n{r}\")"
   ],
   "id": "f29828904d8c9d19",
   "outputs": [
    {
     "name": "stdout",
     "output_type": "stream",
     "text": [
      "q:\n",
      "[[-0.99397117  0.06663976  0.03983642  0.05313116 -0.056308  ]\n",
      " [-0.10540564 -0.68391044 -0.32234579 -0.58721249  0.26912979]\n",
      " [-0.02490491  0.55521203 -0.28617679 -0.13254157  0.76919108]\n",
      " [-0.00405923 -0.13611901  0.89236104 -0.14490258  0.40515449]\n",
      " [-0.01655981 -0.44837135 -0.12767487  0.78345041  0.41060137]]\n",
      "r:\n",
      "[[-9.89835072 -1.53551788  0.12697025 -0.0998577  -0.53915775]\n",
      " [ 0.         -7.24670189  6.60676054 -2.53662755 -6.44720911]\n",
      " [ 0.          0.         -1.69570009  3.92290656 -1.07111334]\n",
      " [ 0.          0.          0.         -0.87162254  3.172517  ]\n",
      " [ 0.          0.          0.          0.          1.21194401]]\n"
     ]
    }
   ],
   "execution_count": 19
  },
  {
   "metadata": {},
   "cell_type": "markdown",
   "source": "## 6.1.3 Other Common Functions",
   "id": "48d3bd577915999d"
  },
  {
   "metadata": {},
   "cell_type": "markdown",
   "source": [
    "#### `diag`\n",
    "Returns the diagonal elements of a square matrix as a 1D array, or converts a 1D array into a square matrix with the elements on the diagonal."
   ],
   "id": "fb001f9baef3f87e"
  },
  {
   "metadata": {
    "ExecuteTime": {
     "end_time": "2026-02-20T19:08:42.463542Z",
     "start_time": "2026-02-20T19:08:42.461215Z"
    }
   },
   "cell_type": "code",
   "source": "print(f\"Diagonal of mat: {np.diag(mat)}\")",
   "id": "f2ee3cfe53ab31bb",
   "outputs": [
    {
     "name": "stdout",
     "output_type": "stream",
     "text": [
      "Diagonal of mat: [9.83867527 5.11794735 4.15026075 3.97263789 6.01956209]\n"
     ]
    }
   ],
   "execution_count": 20
  },
  {
   "metadata": {},
   "cell_type": "markdown",
   "source": [
    "#### `trace`\n",
    "Computes the sum of the diagonal elements."
   ],
   "id": "48df8b08e6644676"
  },
  {
   "metadata": {
    "ExecuteTime": {
     "end_time": "2026-02-20T19:08:42.470963Z",
     "start_time": "2026-02-20T19:08:42.468766Z"
    }
   },
   "cell_type": "code",
   "source": "print(f\"Trace of mat: {np.trace(mat)}\")",
   "id": "38177c41992eba6a",
   "outputs": [
    {
     "name": "stdout",
     "output_type": "stream",
     "text": [
      "Trace of mat: 29.09908335460824\n"
     ]
    }
   ],
   "execution_count": 21
  },
  {
   "metadata": {},
   "cell_type": "markdown",
   "source": [
    "#### `det`\n",
    "Computes the matrix determinant."
   ],
   "id": "f9bcbf4abe1d4a6d"
  },
  {
   "metadata": {
    "ExecuteTime": {
     "end_time": "2026-02-20T19:08:42.481865Z",
     "start_time": "2026-02-20T19:08:42.476390Z"
    }
   },
   "cell_type": "code",
   "source": "print(f\"Determinant of mat: {np.linalg.det(mat)}\")",
   "id": "4d3a32d9a25903d6",
   "outputs": [
    {
     "name": "stdout",
     "output_type": "stream",
     "text": [
      "Determinant of mat: 128.48821144048244\n"
     ]
    }
   ],
   "execution_count": 22
  },
  {
   "metadata": {},
   "cell_type": "markdown",
   "source": [
    "#### `eig`\n",
    "Computes the eigenvalues and eigenvectors of a square matrix."
   ],
   "id": "43a51a9ec2494966"
  },
  {
   "metadata": {
    "ExecuteTime": {
     "end_time": "2026-02-20T19:08:42.494775Z",
     "start_time": "2026-02-20T19:08:42.486133Z"
    }
   },
   "cell_type": "code",
   "source": [
    "eigenvalues, eigenvectors = np.linalg.eig(mat)\n",
    "print(f\"Eigenvalues: {eigenvalues}\")\n",
    "print(f\"Eigenvectors:\\n{eigenvectors}\")"
   ],
   "id": "d623404bff834c8e",
   "outputs": [
    {
     "name": "stdout",
     "output_type": "stream",
     "text": [
      "Eigenvalues: [12.37440335  9.79692599  0.11120665  1.96405457  4.85249279]\n",
      "Eigenvectors:\n",
      "[[-0.22946665 -0.96768886  0.07704665 -0.06395085 -0.02995698]\n",
      " [-0.58852279  0.05720493 -0.50807174  0.62605451  0.01695224]\n",
      " [ 0.51992082 -0.18491567 -0.77593833 -0.13153123  0.27587639]\n",
      " [-0.21711724  0.07860006 -0.35604919 -0.47943335 -0.76815023]\n",
      " [-0.53247387  0.14118813 -0.08411664 -0.59733511  0.57676048]]\n"
     ]
    }
   ],
   "execution_count": 23
  },
  {
   "metadata": {},
   "cell_type": "markdown",
   "source": [
    "#### `svd`\n",
    "Computes the singular value decomposition (SVD)."
   ],
   "id": "3175dc18772958ef"
  },
  {
   "metadata": {
    "ExecuteTime": {
     "end_time": "2026-02-20T19:08:42.507709Z",
     "start_time": "2026-02-20T19:08:42.503771Z"
    }
   },
   "cell_type": "code",
   "source": [
    "U, S, VT = np.linalg.svd(mat)\n",
    "print(f\"U:\\n{U}\")\n",
    "print(f\"S: {S}\")\n",
    "print(f\"VT:\\n{VT}\")\n"
   ],
   "id": "eff8d164e7815ada",
   "outputs": [
    {
     "name": "stdout",
     "output_type": "stream",
     "text": [
      "U:\n",
      "[[-0.22946665  0.96768886  0.02995698  0.06395085 -0.07704665]\n",
      " [-0.58852279 -0.05720493 -0.01695224 -0.62605451  0.50807174]\n",
      " [ 0.51992082  0.18491567 -0.27587639  0.13153123  0.77593833]\n",
      " [-0.21711724 -0.07860006  0.76815023  0.47943335  0.35604919]\n",
      " [-0.53247387 -0.14118813 -0.57676048  0.59733511  0.08411664]]\n",
      "S: [12.37440335  9.79692599  4.85249279  1.96405457  0.11120665]\n",
      "VT:\n",
      "[[-0.22946665 -0.58852279  0.51992082 -0.21711724 -0.53247387]\n",
      " [ 0.96768886 -0.05720493  0.18491567 -0.07860006 -0.14118813]\n",
      " [ 0.02995698 -0.01695224 -0.27587639  0.76815023 -0.57676048]\n",
      " [ 0.06395085 -0.62605451  0.13153123  0.47943335  0.59733511]\n",
      " [-0.07704665  0.50807174  0.77593833  0.35604919  0.08411664]]\n"
     ]
    }
   ],
   "execution_count": 24
  }
 ],
 "metadata": {
  "kernelspec": {
   "name": "python3",
   "language": "python",
   "display_name": "Python 3 (ipykernel)"
  }
 },
 "nbformat": 4,
 "nbformat_minor": 5
}
